# SALR3YUCUDA Simulation Parameters
# Auto-generated parameter file

[grid]
Lx = 16
Ly = 16
dx = 0.2
dy = 0.2
nx = 80
ny = 80
boundary_mode = PBC

[physics]
temperature = 2.9
rho1 = 0.4
rho2 = 0.2
cutoff_radius = 8

[interaction]
A_11_1 = 150.6561472
A_11_2 = -122.6130119
A_11_3 = 27.11810649
a_11_1 = 1.92325375
a_11_2 = 1.26115
a_11_3 = 0.75669

A_12_1 = 413.5305236
A_12_2 = -275.6870157
A_12_3 = 0
a_12_1 = 3.405465108
a_12_2 = 3
a_12_3 = 1

A_22_1 = 413.5305236
A_22_2 = -275.6870157
A_22_3 = 0
a_22_1 = 3.405465108
a_22_2 = 3
a_22_3 = 1

[solver]
max_iterations = 3500
tolerance = 1e-08
xi1 = 0.1
xi2 = 0.1

[output]
output_dir = output/
save_every = 100
